            sys          water            ion     water corr       ion corr           diffdiff corr [Hartrees]
 -12347.5155957 -9773.41594868 -2573.91297806 -9773.41250458 -2573.89143745    -0.18666896    -0.21165367
 -12347.5862537 -9773.49655537 -2573.91214711 -9773.49183327 -2573.89143745    -0.17755122    -0.20298298
 -12347.6014280 -9773.51120601 -2573.91223283 -9773.50730282 -2573.89143745    -0.17798916    -0.20268773
 -12347.4961568 -9773.41798438 -2573.91097623 -9773.41461815 -2573.89143745    -0.16719619     -0.1901012
 -12347.4841521 -9773.37700498 -2573.91313371 -9773.37418372 -2573.89143745    -0.19401341    -0.21853093
 -12347.6261308 -9773.52645347 -2573.91146087 -9773.52327689 -2573.89143745    -0.18821646    -0.21141646
 -12347.5271549 -9773.44127554 -2573.91066124 -9773.43807533 -2573.89143745    -0.17521812    -0.19764212
 -12347.4439182 -9773.35765286 -2573.91167916 -9773.35254609 -2573.89143745    -0.17458618    -0.19993466
 -12347.5819474 -9773.48071286 -2573.91168009 -9773.47673549 -2573.89143745    -0.18955445    -0.21377446
 -12347.5088939 -9773.42207275 -2573.91332021 -9773.41771048 -2573.89143745    -0.17350094    -0.19974597
 -12347.4787642 -9773.37989559 -2573.91359808 -9773.37622955 -2573.89143745    -0.18527053     -0.2110972
 -12347.3848159 -9773.28912461 -2573.91191055 -9773.28559852 -2573.89143745    -0.18378074    -0.20777993
 -12347.5862537 -9773.49655537 -2573.91214711 -9773.49183327 -2573.89143745    -0.17755122    -0.20298298
 -12347.4186650 -9773.35431883 -2573.91179361 -9773.35111649 -2573.89143745    -0.15255256    -0.17611106
 -12346.9524694 -9772.88758558 -2573.90660723 -9772.88492562 -2573.89143745    -0.15827659    -0.17610633
 -12347.5204433 -9773.42986531 -2573.91267134 -9773.42641309 -2573.89143745    -0.17790665    -0.20259276
 -12347.4936954 -9773.40931199 -2573.91264076 -9773.40472069 -2573.89143745    -0.17174265    -0.19753726
 -12347.4230106 -9773.33360006 -2573.91456411 -9773.32889710 -2573.89143745    -0.17484643    -0.20267605
 -12347.3631273 -9773.27826173 -2573.91190332 -9773.27572091 -2573.89143745    -0.17296225    -0.19596894
 -12347.4737918 -9773.37006352 -2573.91277665 -9773.36655391 -2573.89143745    -0.19095163    -0.21580044
 -12347.4850018 -9773.40085736 -2573.91198701 -9773.39692240 -2573.89143745    -0.17215743    -0.19664195
 -12347.4359394 -9773.34561543 -2573.91199166 -9773.34253108 -2573.89143745    -0.17833231    -0.20197087
 -12347.5895148 -9773.51479562 -2573.91420433 -9773.51112492 -2573.89143745    -0.16051485    -0.18695243
 -12347.4875324 -9773.40094044 -2573.90983102 -9773.39822833 -2573.89143745    -0.17676094    -0.19786662
 -12347.5549172 -9773.47448468 -2573.91218160 -9773.47133623 -2573.89143745    -0.16825092    -0.19214352
 -12347.4589792 -9773.39185677 -2573.91336421 -9773.38722268 -2573.89143745    -0.15375822    -0.18031907
 -12347.5303131 -9773.42750629 -2573.91326630 -9773.42351808 -2573.89143745    -0.18954051    -0.21535757
 -12347.3748282 -9773.28878899 -2573.91037913 -9773.28582754 -2573.89143745    -0.17566008    -0.19756321
 -12347.4721863 -9773.37396917 -2573.91184552 -9773.37068503 -2573.89143745    -0.18637161    -0.21006382
 -12347.4447703 -9773.35481773 -2573.91300902 -9773.34869939 -2573.89143745    -0.17694355    -0.20463346
 -12347.4266381 -9773.36683760 -2573.91091678 -9773.36365334 -2573.89143745    -0.14888372    -0.17154731
 -12347.4272095 -9773.34420068 -2573.91377406 -9773.34036095 -2573.89143745    -0.16923476     -0.1954111
 -12347.4963248 -9773.40507744 -2573.91330852 -9773.40122126 -2573.89143745    -0.17793884    -0.20366609
 -12347.5685224 -9773.50401988 -2573.91011663 -9773.50142036 -2573.89143745    -0.15438589    -0.17566459
 -12347.5662730 -9773.48426243 -2573.91265761 -9773.48065266 -2573.89143745    -0.16935296    -0.19418289
 -12347.4787268 -9773.39893904 -2573.91367365 -9773.39503665 -2573.89143745    -0.16611411     -0.1922527
 -12347.5116773 -9773.43490467 -2573.91189009 -9773.43033428 -2573.89143745    -0.16488254    -0.18990557
 -12347.4637339 -9773.37526167 -2573.91360941 -9773.37064547 -2573.89143745    -0.17486282    -0.20165098
 -12347.5936907 -9773.52346477 -2573.91244444 -9773.51921427 -2573.89143745    -0.15778149    -0.18303898
 -12347.5624506 -9773.49388604 -2573.91168737 -9773.49036952 -2573.89143745    -0.15687719    -0.18064363
 -12347.6254650 -9773.53283258 -2573.91261388 -9773.52847211 -2573.89143745    -0.18001854    -0.20555544
 -12347.5672083 -9773.48447400 -2573.91234947 -9773.47956699 -2573.89143745    -0.17038483    -0.19620386
 -12347.4975966 -9773.39805752 -2573.91371652 -9773.39461890 -2573.89143745    -0.18582256    -0.21154025
 -12347.5127100 -9773.42058721 -2573.91099018 -9773.41646394 -2573.89143745    -0.18113261    -0.20480861
 -12347.5748340 -9773.50310914 -2573.91131160 -9773.49852264 -2573.89143745    -0.16041326    -0.18487391
 -12347.5372256 -9773.42513020 -2573.91419634 -9773.42018050 -2573.89143745    -0.19789906    -0.22560765
 -12347.4484524 -9773.37348291 -2573.91120048 -9773.36988495 -2573.89143745    -0.16376901       -0.18713
 -12347.5876197 -9773.50270755 -2573.91380360 -9773.49892781 -2573.89143745    -0.17110855    -0.19725444
 -12347.3653967 -9773.27000669 -2573.91203951 -9773.26776191 -2573.89143745     -0.1833505    -0.20619734
 -12347.3459746 -9773.26390210 -2573.91300673 -9773.25870302 -2573.89143745    -0.16906577    -0.19583413
 -12347.4585090 -9773.37037230 -2573.91284927 -9773.36604713 -2573.89143745    -0.17528743    -0.20102442
 -12347.4407559 -9773.35326967 -2573.91380329 -9773.34823347 -2573.89143745    -0.17368294    -0.20108498
 -12347.4431923 -9773.36756752 -2573.91148446 -9773.36395592 -2573.89143745    -0.16414032    -0.18779893
 -12347.3917008 -9773.31112085 -2573.91404817 -9773.30554861 -2573.89143745    -0.16653178    -0.19471474
 -12347.4462865 -9773.34813668 -2573.91360571 -9773.34477785 -2573.89143745    -0.18454411     -0.2100712
 -12347.4176961 -9773.33717855 -2573.91023722 -9773.33368791 -2573.89143745    -0.17028033    -0.19257074
 -12347.4034390 -9773.30624515 -2573.91249836 -9773.30246954 -2573.89143745    -0.18469549    -0.20953201
 -12347.4637382 -9773.39561546 -2573.91232698 -9773.39108368 -2573.89143745    -0.15579576    -0.18121707
 -12347.4820969 -9773.41834025 -2573.91095342 -9773.41509805 -2573.89143745    -0.15280323     -0.1755614
 -12347.4491697 -9773.36579949 -2573.91001176 -9773.36198101 -2573.89143745    -0.17335845    -0.19575124
 -12347.4845904 -9773.40541039 -2573.91215889 -9773.40135885 -2573.89143745    -0.16702112     -0.1917941
 -12347.4814936 -9773.37849650 -2573.91232496 -9773.37565826 -2573.89143745    -0.19067214    -0.21439789
 -12347.4481375 -9773.39371606 -2573.91370906 -9773.38999004 -2573.89143745    -0.14071238    -0.16671001
 -12347.3994023 -9773.29162554 -2573.91244653 -9773.28872981 -2573.89143745    -0.19533023    -0.21923504
 -12347.4760314 -9773.41057858 -2573.91494517 -9773.40515983 -2573.89143745    -0.15050765    -0.17943412
 -12347.4996054 -9773.43386931 -2573.91250989 -9773.42928463 -2573.89143745     -0.1532262    -0.17888332
 -12347.3509978 -9773.28244862 -2573.91067451 -9773.27813391 -2573.89143745    -0.15787467    -0.18142644
 -12347.4281403 -9773.39205900 -2573.91275835 -9773.38696734 -2573.89143745    -0.12332295    -0.14973551
 -12347.3961388 -9773.31358552 -2573.91386150 -9773.30782689 -2573.89143745    -0.16869178    -0.19687446
 -12347.3951179 -9773.30459391 -2573.91379728 -9773.30031351 -2573.89143745    -0.17672671    -0.20336694
 -12347.5705425 -9773.48177658 -2573.91289876 -9773.47781707 -2573.89143745    -0.17586716    -0.20128798
 -12347.5173598 -9773.45865638 -2573.91090898 -9773.45579665 -2573.89143745    -0.14779444     -0.1701257
 -12347.3595440 -9773.27449061 -2573.91215577 -9773.26997368 -2573.89143745    -0.17289762    -0.19813287
 -12347.3506158 -9773.25187513 -2573.91227289 -9773.24638928 -2573.89143745    -0.18646778    -0.21278907
 -12347.4687091 -9773.38921374 -2573.90996714 -9773.38529432 -2573.89143745    -0.16952822    -0.19197733
 -12347.4521699 -9773.37300462 -2573.91241581 -9773.36920337 -2573.89143745    -0.16674947    -0.19152908
 -12347.4745130 -9773.40593259 -2573.91138799 -9773.40255163 -2573.89143745    -0.15719242    -0.18052392
 -12347.4087584 -9773.35103326 -2573.91190526 -9773.34771245 -2573.89143745    -0.14581988     -0.1696085
 -12347.5116448 -9773.43376249 -2573.91094890 -9773.42931425 -2573.89143745    -0.16693341     -0.1908931
 -12347.4678653 -9773.39524203 -2573.91424503 -9773.38842751 -2573.89143745    -0.15837824    -0.18800034
 -12347.4455179 -9773.37413901 -2573.91162499 -9773.36855031 -2573.89143745     -0.1597539    -0.18553014
 -12347.3795138 -9773.30320505 -2573.91215299 -9773.29971850 -2573.89143745    -0.16415576    -0.18835785
 -12347.4422713 -9773.35252646 -2573.91214186 -9773.34799968 -2573.89143745    -0.17760298    -0.20283417
 -12347.4096175 -9773.32587954 -2573.91410131 -9773.32121467 -2573.89143745    -0.16963665    -0.19696538
 -12347.4742493 -9773.38201580 -2573.91342163 -9773.37673329 -2573.89143745    -0.17881187    -0.20607856
 -12347.4303353 -9773.35139111 -2573.91124973 -9773.34776429 -2573.89143745    -0.16769446    -0.19113356
 -12347.4761185 -9773.38973443 -2573.91201138 -9773.38446559 -2573.89143745    -0.17437269    -0.20021546
 -12347.5666568 -9773.48055464 -2573.91358939 -9773.47541825 -2573.89143745    -0.17251277     -0.1998011
 -12347.4814936 -9773.37849650 -2573.91232496 -9773.37565826 -2573.89143745    -0.19067214    -0.21439789
 -12347.3472029 -9773.26406352 -2573.91309179 -9773.26016513 -2573.89143745    -0.17004759    -0.19560032
 -12347.5165519 -9773.41850136 -2573.91267389 -9773.41478219 -2573.89143745    -0.18537665    -0.21033226
 -12347.4845672 -9773.38408977 -2573.91217057 -9773.38097078 -2573.89143745    -0.18830686    -0.21215897
 -12347.5296541 -9773.44147427 -2573.90971208 -9773.43938285 -2573.89143745    -0.17846775     -0.1988338
 -12347.5110901 -9773.40286122 -2573.91290487 -9773.39789909 -2573.89143745    -0.19532401    -0.22175356
 -12347.5516451 -9773.45400715 -2573.91347328 -9773.44960079 -2573.89143745    -0.18416467    -0.21060686
 -12347.6219233 -9773.54516930 -2573.91250074 -9773.54042265 -2573.89143745    -0.16425326     -0.1900632
 -12347.5300931 -9773.43365518 -2573.91316073 -9773.42978005 -2573.89143745    -0.18327719     -0.2088756
 -12347.4975445 -9773.41864478 -2573.91249743 -9773.41503609 -2573.89143745    -0.16640229    -0.19107096
 -12347.4251021 -9773.33039976 -2573.91408811 -9773.32442813 -2573.89143745    -0.18061423    -0.20923652
 -12347.4844533 -9773.40489827 -2573.91221598 -9773.40075403 -2573.89143745    -0.16733905    -0.19226182
 -12347.4851921 -9773.40912189 -2573.91375301 -9773.40295400 -2573.89143745     -0.1623172    -0.19080065
 -12347.4770562 -9773.37225219 -2573.91349690 -9773.36766865 -2573.89143745    -0.19130711     -0.2179501
 -12347.5224346 -9773.46325303 -2573.91253988 -9773.45876563 -2573.89143745    -0.14664169    -0.17223152
 -12347.4999842 -9773.40539894 -2573.91225571 -9773.40212309 -2573.89143745    -0.18232955    -0.20642366
 -12347.3466292 -9773.27353869 -2573.91365500 -9773.26755853 -2573.89143745    -0.15943551    -0.18763322
 -12347.4642246 -9773.37574243 -2573.91159249 -9773.37248692 -2573.89143745    -0.17688968    -0.20030023
 -12347.5421207 -9773.47373516 -2573.91085114 -9773.46982436 -2573.89143745     -0.1575344    -0.18085889
 -12347.4131668 -9773.32874841 -2573.91429916 -9773.32249057 -2573.89143745    -0.17011923    -0.19923878
 -12347.5293324 -9773.44826477 -2573.91183869 -9773.44428494 -2573.89143745    -0.16922894    -0.19361001
 -12347.4193152 -9773.36822631 -2573.91255919 -9773.36391079 -2573.89143745     -0.1385297    -0.16396696
 -12347.5709328 -9773.49940821 -2573.91343198 -9773.49477123 -2573.89143745    -0.15809261    -0.18472412
 -12347.5494945 -9773.46880435 -2573.91236501 -9773.46498635 -2573.89143745    -0.16832514     -0.1930707
 -12347.3672544 -9773.29078920 -2573.91322653 -9773.28709962 -2573.89143745    -0.16323867    -0.18871733
 -12347.4804551 -9773.37700514 -2573.91248715 -9773.37391072 -2573.89143745    -0.19096281    -0.21510693
 -12347.4943298 -9773.41874765 -2573.91260023 -9773.41398426 -2573.89143745    -0.16298192    -0.18890809
 -12347.5023059 -9773.42008110 -2573.91189497 -9773.41653828 -2573.89143745    -0.17032983    -0.19433017
 -12347.5066944 -9773.40466285 -2573.91296804 -9773.40050711 -2573.89143745    -0.18906351    -0.21474984
 -12347.5268920 -9773.44212903 -2573.91346134 -9773.43776872 -2573.89143745    -0.17130163    -0.19768583
